| numero_du_logo | nombre_de_votant |
| -------------- | ---------------- |
| 11             | 18               |
| 2              | 13               |
| 4              | 9                |
| 6              | 6                |
| 1              | 4                |
| 3              | 3                |
| 5              | 3                |
| 9              | 2                |
| 10             | 1                |


| numero_du_logo | nombre_de_votant |
| -------------- | ---------------- |
| 11             | 19               |
| 2              | 17               |
| 4              | 12               |
| 5              | 6                |
| 6              | 6                |
| 3              | 4                |
| 1              | 4                |
| 9              | 2                |
| 10             | 1                |